// CivNexus6 CN6 - Exported from CivNexus6 1.3.3
skeleton
0 "DIS_CTY_RMAP_Bld_SM_B_01" -1 0.00000000 0.00000000 0.00000000 0.00000000 0.00000000 0.00000000 1.00000000 1.00000000 0.00000000 0.00000000 0.00000000 0.00000000 1.00000000 0.00000000 0.00000000 0.00000000 0.00000000 1.00000000 0.00000000 0.00000000 0.00000000 0.00000000 1.00000000
meshes:1
mesh:"DIS_CTY_RMAP_Bld_SM_B_01"
materials
"DIS_CTY_RMAP"
vertices
-1.14111300 -1.62377900 47.48964000 -0.95297070 0.22353890 0.20463920 0.22346960 0.97442140 -0.02375419 -0.20471480 0.02309361 -0.97854920 0.78198840 1.39004000 0.34430730 0.35091850 0.00058239 -0.99903060 0 0 0 0 0 0 0 0 255 0 0 0 0 0 0 0 
1.18615700 -3.98681600 47.08220000 0.22055380 -0.96677420 -0.12924240 -0.96740630 -0.23372600 0.09745326 -0.12442260 0.10353620 -0.98681270 0.79364930 1.38922400 0.77571550 0.04794800 0.00059505 -0.99903150 0 0 0 0 0 0 0 0 255 0 0 0 0 0 0 0 
-1.88079800 -4.73474100 47.44339000 -0.95296900 0.22354470 0.20464110 0.22340710 0.97442770 -0.02408157 -0.20479120 0.02276928 -0.97854080 0.77058010 1.38925600 0.34036540 0.35101450 0.00056999 -0.99903150 0 0 0 0 0 0 0 0 255 0 0 0 0 0 0 0 
1.33721900 -1.88781700 59.31915000 0.12767750 -0.04509042 0.99079020 -0.96080220 -0.25348170 0.11227730 0.24608460 -0.96628870 -0.07568689 0.76057950 1.50030500 0.39556120 0.57554520 0.00055913 -0.99891090 0 0 0 0 0 0 0 0 255 0 0 0 0 0 0 0 
4.25811800 -4.85351600 58.80777000 0.12767750 -0.04509042 0.99079020 -0.96080220 -0.25348170 0.11227730 0.24608460 -0.96628870 -0.07568689 0.75258950 1.48695500 0.39272070 0.58003770 0.00055045 -0.99892540 0 0 0 0 0 0 0 0 255 0 0 0 0 0 0 0 
0.40887450 -5.79223600 59.26108000 0.12767750 -0.04509042 0.99079020 -0.96080220 -0.25348170 0.11227730 0.24608460 -0.96628870 -0.07568689 0.76734630 1.48722900 0.39047450 0.57551010 0.00056648 -0.99892510 0 0 0 0 0 0 0 0 255 0 0 0 0 0 0 0 
1.21246300 -2.03381300 48.01434000 -0.53349920 0.83240280 -0.14994750 0.83816280 0.54407840 0.03823474 0.11340990 -0.10528220 -0.98795440 0.78253140 1.38966500 0.88518180 0.30635130 0.00058298 -0.99903110 0 0 0 0 0 0 0 0 255 0 0 0 0 0 0 0 
1.28479000 -5.39416500 48.07046000 -0.49691500 -0.86084670 -0.10962880 -0.86119190 0.50474020 -0.05988181 0.10688310 0.06465523 -0.99216720 0.79394240 1.38996700 0.66602870 0.11060020 0.00059537 -0.99903070 0 0 0 0 0 0 0 0 255 0 0 0 0 0 0 0 
-1.43298300 -3.78137200 47.72552000 -0.53349970 0.83240230 -0.14994780 0.83815680 0.54408410 0.03828306 0.11345110 -0.10525580 -0.98795250 0.77129240 1.38860700 0.88558660 0.31036590 0.00057077 -0.99903230 0 0 0 0 0 0 0 0 255 0 0 0 0 0 0 0 
-1.08331300 -1.37207000 59.85629000 -0.11768400 0.01404799 0.99295180 0.00668269 -0.99986620 0.01493784 0.99302870 0.00839354 0.11757440 0.75237880 1.48743000 0.39047450 0.59035220 0.00055022 -0.99892490 0 0 0 0 0 0 0 0 255 0 0 0 0 0 0 0 
-0.99255370 -5.58947800 59.92672000 -0.11768400 0.01404799 0.99295180 0.00668269 -0.99986620 0.01493784 0.99302870 0.00839354 0.11757440 0.76785040 1.48719700 0.39582000 0.59043680 0.00056703 -0.99892510 0 0 0 0 0 0 0 0 255 0 0 0 0 0 0 0 
-4.40356400 -3.56543000 59.49381000 -0.11768400 0.01404799 0.99295180 0.00668269 -0.99986620 0.01493784 0.99302870 0.00839354 0.11757440 0.76028590 1.49986400 0.39309510 0.59466100 0.00055881 -0.99891140 0 0 0 0 0 0 0 0 255 0 0 0 0 0 0 0 
-18.96545000 -3.95007300 -2.00426900 -0.98652240 -0.10684750 -0.12392430 0.31030870 -0.95056580 -0.01153764 -0.10922130 -0.04770602 0.99287210 0.22508830 1.18151700 0.39541810 0.51659300 0.00050850 -0.99891640 0 0 0 0 0 0 0 0 255 0 0 0 0 0 0 0 
-15.34332000 -15.09790000 -2.00426900 -0.73531030 -0.66630440 -0.12392420 0.31031980 -0.95056100 -0.01163656 -0.10919050 -0.04780080 0.99287090 0.30423330 1.18059000 0.38056280 0.51659300 0.00059447 -0.99891730 0 0 0 0 0 0 0 0 255 0 0 0 0 0 0 0 
-5.86053500 -21.98755000 -2.00426900 -0.20323490 -0.97125610 -0.12392430 0.80901630 -0.58778610 0.00000076 -0.06972694 -0.09596940 0.99293910 0.26018850 1.18008000 0.36854460 0.51555720 0.00054663 -0.99891780 0 0 0 0 0 0 0 0 255 0 0 0 0 0 0 0 
5.86084000 -21.98755000 -2.00426900 0.40646950 -0.90522120 -0.12392430 1.00000000 0.00000034 0.00000000 0.00000004 -0.11862560 0.99293910 0.25843090 1.18031500 0.53648980 0.45471480 0.00054472 -0.99891760 0 0 0 0 0 0 0 0 255 0 0 0 0 0 0 0 
15.34369000 -15.09778000 -2.00426900 0.86091660 -0.49342220 -0.12392400 0.80985770 0.58648340 0.01295312 0.05916678 -0.10362990 0.99285450 0.23772140 1.18137800 0.53705360 0.44266520 0.00052222 -0.99891650 0 0 0 0 0 0 0 0 255 0 0 0 0 0 0 0 
18.96582000 -3.95007300 -2.00426900 0.98652260 0.10684680 -0.12392350 0.30928960 0.95096490 0.00239707 0.11207210 -0.03895293 0.99293630 0.08627363 1.18066600 0.44017250 0.36013360 0.76611440 0.42594050 0 0 0 0 0 0 0 0 255 0 0 0 0 0 0 0 
15.34363000 7.19763200 -2.00426900 0.73530980 0.66630490 -0.12392460 -0.30732460 0.95149250 0.01461607 0.11735630 0.02265406 0.99283150 0.17116570 1.18182700 0.44073630 0.34808410 0.62166610 0.20544730 0 0 0 0 0 0 0 0 255 0 0 0 0 0 0 0 
5.86084000 14.08728000 -2.00426900 0.20323440 0.97125610 -0.12392450 -0.80984930 0.58649830 -0.01280260 0.05928962 0.10354130 0.99285640 0.24347310 1.17927800 0.54268630 0.49223740 0.00052847 -0.99891880 0 0 0 0 0 0 0 0 255 0 0 0 0 0 0 0 
-5.86059600 14.08728000 -2.00426900 -0.40647050 0.90522070 -0.12392430 -0.91305410 -0.40740020 0.01890314 -0.03337527 0.12083320 0.99211160 0.26194960 1.17879400 0.54325020 0.48018780 0.00054854 -0.99891920 0 0 0 0 0 0 0 0 255 0 0 0 0 0 0 0 
-15.34338000 7.19763200 -2.00426900 -0.86091640 0.49342250 -0.12392430 -0.81127920 -0.58306950 0.04308037 -0.03456050 0.12138200 0.99200400 0.34087770 1.18222300 0.53533020 0.32344480 0.00063428 -0.99891560 0 0 0 0 0 0 0 0 255 0 0 0 0 0 0 0 
-22.21936000 -3.95007300 23.89884000 -0.98652240 0.10684720 -0.12392430 0.31029750 -0.95057070 -0.01143872 -0.10925210 -0.04761124 0.99287320 0.21662440 1.00570700 0.39669240 0.54965510 0.00049930 -0.99910740 0 0 0 0 0 0 0 0 255 0 0 0 0 0 0 0 
-17.97577000 -17.01038000 23.89884000 -0.86091590 -0.49342330 -0.12392430 0.31030870 -0.95056580 -0.01153764 -0.10922130 -0.04770602 0.99287210 0.30896070 1.00464100 0.37928850 0.54965510 0.00059961 -0.99910860 0 0 0 0 0 0 0 0 255 0 0 0 0 0 0 0 
-6.86602800 -25.08215000 23.89884000 -0.40646990 -0.90522090 -0.12392420 0.80901650 -0.58778590 0.00000069 -0.06972694 -0.09596957 0.99293910 0.26696750 1.00419800 0.36520840 0.54844160 0.00055399 -0.99910900 0 0 0 0 0 0 0 0 255 0 0 0 0 0 0 0 
6.86633300 -25.08215000 23.89884000 0.20323480 -0.97125610 -0.12392420 1.00000000 0.00000033 0.00000000 0.00000004 -0.11862560 0.99293910 0.26520980 1.00443300 0.50340310 0.45473750 0.00055208 -0.99910870 0 0 0 0 0 0 0 0 255 0 0 0 0 0 0 0 
17.97614000 -17.01038000 23.89884000 0.73531060 -0.66630400 -0.12392440 0.80985800 0.58648300 0.01295299 0.05916671 -0.10362970 0.99285450 0.24679420 1.00559800 0.50406370 0.44062070 0.00053208 -0.99910740 0 0 0 0 0 0 0 0 255 0 0 0 0 0 0 0 
22.21960000 -3.95007300 23.89884000 0.98652260 -0.10684700 -0.12392350 0.30927990 0.95096820 0.00232295 0.11209590 -0.03888199 0.99293640 0.09313376 1.00478700 0.40708580 0.36015640 0.77311770 0.24639110 0 0 0 0 0 0 0 0 255 0 0 0 0 0 0 0 
17.97607000 9.11022900 23.89884000 0.86091630 0.49342270 -0.12392400 -0.30722020 0.95151250 0.01548686 0.11762520 0.02181915 0.99281840 0.18438300 1.00631100 0.40774640 0.34603950 0.63515920 0.02626824 0 0 0 0 0 0 0 0 255 0 0 0 0 0 0 0 
6.86633300 17.18188000 23.89884000 0.40646920 0.90522120 -0.12392460 -0.80984900 0.58649870 -0.01280262 0.05928954 0.10354110 0.99285650 0.24798380 1.00332300 0.50959970 0.49226030 0.00053337 -0.99911000 0 0 0 0 0 0 0 0 255 0 0 0 0 0 0 0 
-6.86608900 17.18188000 23.89884000 -0.20323520 0.97125600 -0.12392420 -0.97859100 -0.20568850 -0.00719837 -0.03248126 0.11980820 0.99226560 0.26294720 1.00278400 0.51026030 0.47814340 0.00054962 -0.99911050 0 0 0 0 0 0 0 0 255 0 0 0 0 0 0 0 
-17.97583000 9.11010700 23.89884000 -0.73531090 0.66630380 -0.12392430 -0.81127950 -0.58306940 0.04307780 -0.03456240 0.12138030 0.99200420 0.35528460 1.00680000 0.56839240 0.32471910 0.00064993 -0.99910620 0 0 0 0 0 0 0 0 255 0 0 0 0 0 0 0 
15.91010000 16.22314000 16.58085000 0.60269300 0.31905150 0.73141460 -0.79051940 0.36371060 0.49274100 -0.10881350 -0.87516890 0.47142230 0.33011880 0.42591590 0.71522850 0.35931380 0.00052378 -0.99904130 0 0 0 0 0 0 0 0 255 0 0 0 0 0 0 0 
5.83294700 26.46436000 16.58085000 0.32775670 0.64600770 0.68938360 -0.94467590 0.21422810 0.24838260 0.01277168 -0.73265310 0.68048240 0.37132960 0.47233610 0.69701940 0.35931380 0.00055239 -0.99899080 0 0 0 0 0 0 0 0 255 0 0 0 0 0 0 0 
-5.95886200 26.46436000 16.58085000 -0.22871250 0.70447780 0.67186430 -0.97317170 -0.14769460 -0.17641790 -0.02505176 -0.69418830 0.71935740 0.41489790 0.47233660 0.68653760 0.36156880 0.00058263 -0.99899080 0 0 0 0 0 0 0 0 255 0 0 0 0 0 0 0 
-16.03632000 16.22314000 16.58085000 -0.77467960 0.34852780 0.52763610 -0.63062860 -0.48740220 -0.60394260 0.04668019 -0.80060450 0.59737210 0.45611130 0.42591920 0.79834310 0.39010240 0.00061124 -0.99904130 0 0 0 0 0 0 0 0 255 0 0 0 0 0 0 0 
16.97650000 16.05505000 13.61582000 0.86780730 0.40412830 0.28912070 -0.48741160 0.57913950 0.65347330 0.09664585 -0.70800970 0.69955840 0.32074200 0.43696250 0.71632830 0.35546890 0.00051727 -0.99902930 0 0 0 0 0 0 0 0 255 0 0 0 0 0 0 0 
6.22662400 26.97998000 13.61582000 0.24869730 0.94814840 0.19789970 -0.95663110 0.20845100 0.20348260 0.15167930 -0.23992260 0.95886940 0.36762620 0.48735090 0.69690350 0.35546890 0.00054982 -0.99897460 0 0 0 0 0 0 0 0 255 0 0 0 0 0 0 0 
-6.35241700 26.97998000 13.61582000 -0.49738950 0.84115020 0.21229700 -0.82730950 -0.38626260 -0.40787280 -0.26107990 -0.37850690 0.88801460 0.41860080 0.48735150 0.68572200 0.35787440 0.00058520 -0.99897460 0 0 0 0 0 0 0 0 255 0 0 0 0 0 0 0 
-17.10266000 16.05505000 13.61582000 -0.86779460 0.40410880 0.28918600 -0.48632380 -0.57110230 -0.66131040 -0.10208660 -0.71451960 0.69212720 0.46548790 0.43696670 0.79738770 0.38621920 0.00061775 -0.99902930 0 0 0 0 0 0 0 0 255 0 0 0 0 0 0 0 
10.26141000 8.32959000 20.95863000 0.39966320 0.20899210 0.89251980 -0.91017490 0.20610650 0.35930730 -0.10886180 -0.95595100 0.27259260 0.34888270 0.37771580 0.21425320 0.17757690 0.00053681 -0.99909370 0 0 0 0 0 0 0 0 255 0 0 0 0 0 0 0 
1.71228000 13.20251000 20.95864000 0.14923790 0.30496620 0.94059750 -0.98801020 0.08403444 0.12951440 -0.03954507 -0.94864850 0.31385080 0.38520090 0.39951820 0.22495390 0.18394010 0.00056202 -0.99906990 0 0 0 0 0 0 0 0 255 0 0 0 0 0 0 0 
-1.83819600 13.20251000 20.95864000 -0.05085572 0.29877530 0.95296750 -0.99858110 -0.03030819 -0.04378766 0.01580004 -0.95384200 0.29989280 0.40102820 0.39951820 0.22933150 0.18412190 0.00057300 -0.99906990 0 0 0 0 0 0 0 0 255 0 0 0 0 0 0 0 
-10.38617000 8.32946800 20.95863000 -0.34770330 0.20648700 0.91458490 -0.93183470 -0.18415300 -0.31268480 0.10385820 -0.96096350 0.25644240 0.43734330 0.37771610 0.23971140 0.17863430 0.00059821 -0.99909370 0 0 0 0 0 0 0 0 255 0 0 0 0 0 0 0 
16.55255000 8.34057600 16.58085000 0.85279950 0.06946367 0.51759800 -0.46873720 0.53879800 0.69998720 -0.23025710 -0.83956620 0.49204690 0.31821310 0.38888320 0.72292040 0.36067420 0.00051552 -0.99908150 0 0 0 0 0 0 0 0 255 0 0 0 0 0 0 0 
17.66180000 7.63403300 13.61582000 0.93970310 0.07647301 0.33333160 -0.30367290 0.63486810 0.71044020 -0.15729210 -0.76882660 0.61981030 0.30599490 0.39789720 0.72454470 0.35692240 0.00050704 -0.99907170 0 0 0 0 0 0 0 0 255 0 0 0 0 0 0 0 
-17.78796000 7.63403300 13.61582000 -0.93965800 0.07652345 0.33344700 -0.30557110 -0.62603060 -0.71743430 0.15384750 -0.77603470 0.61163810 0.48023670 0.39790250 0.78912280 0.38736470 0.00062798 -0.99907170 0 0 0 0 0 0 0 0 255 0 0 0 0 0 0 0 
-16.67871000 8.34057600 16.58085000 -0.79306830 0.06463133 0.60569420 -0.55495070 -0.48663030 -0.67470050 0.25114240 -0.87121400 0.42179820 0.46801870 0.38888760 0.79060580 0.39117450 0.00061950 -0.99908150 0 0 0 0 0 0 0 0 255 0 0 0 0 0 0 0 
10.44934000 14.75012000 -1.84161000 -0.36149150 -0.92096130 -0.14544440 0.98823960 0.15282650 0.00516034 0.01395219 -0.12372390 0.99221860 0.77931380 1.49450600 0.49527560 0.13186340 0.00057948 -0.99891710 0 0 0 0 0 0 0 0 255 0 0 0 0 0 0 0 
14.21368000 15.33472000 -1.84161000 0.98723680 0.15736650 -0.02448029 0.98823670 0.15285130 0.00497338 0.01413867 -0.12369560 0.99221950 0.79447900 1.49462600 0.49527560 0.13669140 0.00059595 -0.99891710 0 0 0 0 0 0 0 0 255 0 0 0 0 0 0 0 
14.70239000 13.99939000 9.28177300 0.90811160 -0.36558470 -0.20415940 0.98818200 0.15319610 0.00522609 0.00281788 -0.05224353 0.99863040 0.79614140 1.42429700 0.50948330 0.13704370 0.00059776 -0.99899340 0 0 0 0 0 0 0 0 255 0 0 0 0 0 0 0 
9.81890900 13.24097000 9.28177300 -0.77912740 -0.62583640 -0.03590625 0.98812140 0.15357730 0.00547775 -0.00862871 0.01985810 0.99976560 0.77646740 1.42413000 0.50948330 0.13078030 0.00057639 -0.99899360 0 0 0 0 0 0 0 0 255 0 0 0 0 0 0 0 
11.82520000 18.30261000 -1.84161000 -0.62724340 0.77858570 0.01923427 -0.62697530 0.77903910 0.00000000 -0.03195031 -0.02571380 0.99915860 0.78918870 1.49539200 0.53533020 0.15079240 0.00059021 -0.99891610 0 0 0 0 0 0 0 0 255 0 0 0 0 0 0 0 
11.60382000 17.84937000 9.28177300 -0.15343440 0.97426510 -0.16512300 -0.62697830 0.77903670 0.00000001 0.04437422 0.03571292 0.99837640 0.78833600 1.42524300 0.54943950 0.15052090 0.00058928 -0.99899240 0 0 0 0 0 0 0 0 255 0 0 0 0 0 0 0 
15.89783000 14.68250000 14.51918000 0.61396010 -0.78845580 -0.03728710 0.98805870 0.15397780 0.00554270 -0.01984310 0.09149231 0.99560800 0.80156110 1.39129000 0.51599200 0.13867360 0.00060365 -0.99902930 0 0 0 0 0 0 0 0 255 0 0 0 0 0 0 0 
9.04241900 13.61780000 14.51918000 -0.97847420 -0.15715250 -0.13375850 0.98805510 0.15399440 0.00572645 -0.02002548 0.09146430 0.99560700 0.77394350 1.39103900 0.51599190 0.12988120 0.00057365 -0.99902960 0 0 0 0 0 0 0 0 255 0 0 0 0 0 0 0 
11.54803000 20.08716000 14.51918000 0.32598250 0.87059930 -0.36850010 -0.62698270 0.77903320 0.00000002 0.19573970 0.15753550 0.96791970 0.79541510 1.39179900 0.55600090 0.15277450 0.00059697 -0.99902870 0 0 0 0 0 0 0 0 255 0 0 0 0 0 0 0 
-0.71087650 21.75647000 -1.84161000 0.46927850 -0.87151800 -0.14224660 0.52232810 0.85272820 0.00527866 0.10100250 -0.06801210 0.99255870 0.77931380 1.49450600 0.53533020 0.09696168 0.00057948 -0.99891710 0 0 0 0 0 0 0 0 255 0 0 0 0 0 0 0 
1.23230000 24.93335000 -1.84161000 0.51836480 0.85482410 -0.02395414 0.52230550 0.85274330 0.00508739 0.10110460 -0.06784809 0.99255960 0.79447900 1.49462600 0.53533020 0.10168150 0.00059595 -0.99891710 0 0 0 0 0 0 0 0 255 0 0 0 0 0 0 0 
2.53710900 24.45386000 9.28177300 0.86654200 0.45733150 -0.19988190 0.52200960 0.85292290 0.00534596 0.04062488 -0.03112301 0.99868970 0.79614140 1.42429700 0.54953310 0.10202590 0.00059776 -0.99899340 0 0 0 0 0 0 0 0 255 0 0 0 0 0 0 0 
0.01623535 20.33240000 9.28177300 -0.02623218 -0.99903860 -0.03512327 0.52167860 0.85312380 0.00560341 -0.02039118 0.00590243 0.99977460 0.77646740 1.42413000 0.54953310 0.09590298 0.00057639 -0.99899360 0 0 0 0 0 0 0 0 255 0 0 0 0 0 0 0 
-2.49060100 25.02771000 -1.84161000 -0.99951370 0.02487344 0.01880498 -0.99967900 0.02533485 0.00000000 -0.00101572 -0.04007885 0.99919600 0.78918870 1.49539200 0.67887100 0.09857178 0.00059021 -0.99891610 0 0 0 0 0 0 0 0 255 0 0 0 0 0 0 0 
-2.29254200 24.57629000 9.28177300 -0.84291520 0.51319840 -0.16162110 -0.99967890 0.02533811 0.00000000 0.00141322 0.05575643 0.99844340 0.78833600 1.42524300 0.69296840 0.09832078 0.00058928 -0.99899240 0 0 0 0 0 0 0 0 255 0 0 0 0 0 0 0 
2.78308100 25.77710000 14.51918000 0.99850090 -0.04068743 -0.03661238 0.52133130 0.85333560 0.00566987 -0.08092666 0.04282435 0.99579970 0.80156110 1.39129000 0.55604740 0.10361920 0.00060365 -0.99902930 0 0 0 0 0 0 0 0 255 0 0 0 0 0 0 0 
-0.75561520 19.99158000 14.51918000 -0.51310810 -0.84829350 -0.13083720 0.52131280 0.85334560 0.00585786 -0.08102150 0.04266066 0.99579890 0.77394350 1.39103900 0.55604740 0.09502405 0.00057365 -0.99902960 0 0 0 0 0 0 0 0 255 0 0 0 0 0 0 0 
-3.99670400 25.94897000 14.51918000 -0.45441260 0.81424780 -0.36126110 -0.99967890 0.02533866 0.00000000 0.00623241 0.24588530 0.96927890 0.79541510 1.39179900 0.69960610 0.10048060 0.00059697 -0.99902870 0 0 0 0 0 0 0 0 255 0 0 0 0 0 0 0 
-13.54376000 15.66199000 -1.84161000 -0.71145040 -0.68492130 -0.15722960 0.96210130 -0.27265050 0.00476491 -0.04122759 -0.12816260 0.99089590 0.77931380 1.49450600 0.49527560 0.14851600 0.00057948 -0.99891710 0 0 0 0 0 0 0 0 255 0 0 0 0 0 0 0 
-9.57360800 14.53967000 -1.84161000 0.96321560 -0.26742800 -0.02641992 0.96210940 -0.27262510 0.00459221 -0.04105984 -0.12821140 0.99089650 0.79447900 1.49462600 0.49527560 0.15374480 0.00059595 -0.99891710 0 0 0 0 0 0 0 0 255 0 0 0 0 0 0 0 
-9.69488500 13.00439000 9.28177300 0.66948240 -0.70957100 -0.21977800 0.96220290 -0.27229090 0.00482557 -0.01997527 -0.05289350 0.99840030 0.79614140 1.42429700 0.50950240 0.15412620 0.00059776 -0.99899340 0 0 0 0 0 0 0 0 255 0 0 0 0 0 0 0 
-14.84515000 14.46033000 9.28177300 -0.96892940 -0.24428040 -0.03876809 0.96230670 -0.27191950 0.00505808 0.00131128 0.02323688 0.99972920 0.77646740 1.42413000 0.50950240 0.14734320 0.00057639 -0.99899360 0 0 0 0 0 0 0 0 255 0 0 0 0 0 0 0 
-10.58679000 18.53906000 -1.84161000 -0.24605120 0.96903310 0.02082712 -0.24557120 0.96937860 0.00000000 -0.04304284 -0.01090397 0.99901370 0.78918870 1.49539200 0.45583480 0.14234660 0.00059021 -0.99891610 0 0 0 0 0 0 0 0 255 0 0 0 0 0 0 0 
-11.00903000 18.19263000 9.28177300 0.26537910 0.94757650 -0.17796860 -0.24555240 0.96938330 0.00000001 0.05941425 0.01505009 0.99812000 0.78833600 1.42524300 0.46994610 0.14205250 0.00058928 -0.99899240 0 0 0 0 0 0 0 0 255 0 0 0 0 0 0 0 
-8.20977800 13.13782000 14.51918000 0.22722840 -0.97303460 -0.03963393 0.96241660 -0.27152910 0.00511805 0.02256207 0.09872181 0.99485930 0.80156110 1.39129000 0.51598890 0.15589140 0.00060365 -0.99902930 0 0 0 0 0 0 0 0 255 0 0 0 0 0 0 0 
-15.43970000 15.18164000 14.51918000 -0.95379290 0.26340840 -0.14455160 0.96242060 -0.27151160 0.00528772 0.02239761 0.09876725 0.99485840 0.77394350 1.39103900 0.51598890 0.14636940 0.00057365 -0.99902960 0 0 0 0 0 0 0 0 255 0 0 0 0 0 0 0 
-10.05469000 20.42102000 14.51918000 0.65008180 0.64929800 -0.39472250 -0.24554900 0.96938420 0.00000000 0.26234380 0.06645276 0.96268360 0.79541510 1.39179900 0.47649430 0.14449320 0.00059697 -0.99902870 0 0 0 0 0 0 0 0 255 0 0 0 0 0 0 0 
5.56597900 16.39954000 14.04384000 -0.00000017 0.99341760 -0.11454910 -1.00000000 -0.00000017 0.00000000 -0.00000002 0.11454910 0.99341760 1.81961800 0.37576160 0.58692040 0.21597370 0.27281310 0.86900330 0 0 0 0 0 0 0 0 255 0 0 0 0 0 0 0 
5.56597900 14.55969000 -1.91289500 -0.00000017 0.99341760 -0.11454910 -1.00000000 -0.00000017 0.00000000 -0.00000002 0.11454910 0.99341760 1.81961800 0.49934670 0.56656340 0.21597370 0.27281310 0.99516750 0 0 0 0 0 0 0 0 255 0 0 0 0 0 0 0 
-5.27862500 16.39954000 14.04384000 -0.00000017 0.99341760 -0.11454910 -1.00000000 -0.00000017 0.00000000 -0.00000002 0.11454910 0.99341760 1.90032400 0.37576160 0.58692040 0.22971770 0.35520300 0.86900330 0 0 0 0 0 0 0 0 255 0 0 0 0 0 0 0 
-5.27862500 14.55957000 -1.91289500 -0.00000017 0.99341760 -0.11454910 -1.00000000 -0.00000017 0.00000000 -0.00000002 0.11454910 0.99341760 1.90032400 0.49934670 0.56656340 0.22971770 0.35520300 0.99516750 0 0 0 0 0 0 0 0 255 0 0 0 0 0 0 0 
5.56597900 -23.94543000 14.04384000 0.00000052 -0.99341760 -0.11454910 1.00000000 0.00000053 0.00000000 0.00000006 -0.11454910 0.99341760 1.90032400 0.37576160 0.47605770 0.18309170 0.08355074 0.86900330 0 0 0 0 0 0 0 0 255 0 0 0 0 0 0 0 
-5.27862500 -23.94543000 14.04384000 0.00000044 -0.99341760 -0.11454920 1.00000000 0.00000044 0.00000000 0.00000005 -0.11454920 0.99341760 1.81961800 0.37576160 0.47605770 0.16934760 0.00116089 0.86900330 0 0 0 0 0 0 0 0 255 0 0 0 0 0 0 0 
-5.27862500 -22.10547000 -1.91289500 0.00000035 -0.99341760 -0.11454920 1.00000000 0.00000035 0.00000000 0.00000004 -0.11454920 0.99341760 1.81961800 0.49934670 0.45583480 0.16934760 0.00116089 0.99516750 0 0 0 0 0 0 0 0 255 0 0 0 0 0 0 0 
5.56597900 -22.10547000 -1.91289500 0.00000044 -0.99341760 -0.11454920 1.00000000 0.00000044 0.00000000 0.00000005 -0.11454920 0.99341760 1.90032400 0.49934670 0.45583480 0.18309170 0.08355074 0.99516750 0 0 0 0 0 0 0 0 255 0 0 0 0 0 0 0 
-4.41955600 -3.19812000 47.20865000 -0.73452870 0.06075936 0.67585210 0.40864470 -0.90636130 0.10732510 0.62124320 0.36236890 0.69479900 0.23035020 0.28036790 0.87591640 0.86256370 0.00054996 -0.99912710 0 0 0 0 0 0 0 0 255 0 0 0 0 0 0 0 
-7.53527800 -3.19812000 40.97729000 -0.75376090 -0.01714953 0.65692500 0.37830390 -0.91926070 0.10883900 0.49736110 0.30101390 0.81364770 0.22342760 0.32733060 0.88360860 0.85822860 0.00054259 -0.99907710 0 0 0 0 0 0 0 0 255 0 0 0 0 0 0 0 
-6.09613000 -7.62731900 40.97729000 -0.59972370 -0.45692710 0.65692400 0.60012080 -0.79986440 -0.00848361 0.52932650 0.38914590 0.75390910 0.23936490 0.33180120 0.88002800 0.85353650 0.00055956 -0.99907230 0 0 0 0 0 0 0 0 255 0 0 0 0 0 0 0 
-3.57550000 -5.79589800 47.20865000 -0.62995760 -0.38259400 0.67585150 0.54163770 -0.84010180 0.02928289 0.55658060 0.38451360 0.73645590 0.23936150 0.28268590 0.87381630 0.85981170 0.00055956 -0.99912480 0 0 0 0 0 0 0 0 255 0 0 0 0 0 0 0 
-2.32849100 -10.36462000 40.97729000 -0.21661430 -0.72216850 0.65692540 0.74299560 -0.66172040 -0.10041750 0.52162920 0.47850730 0.70635260 0.25530240 0.32732890 0.87594680 0.85064440 0.00057653 -0.99907710 0 0 0 0 0 0 0 0 255 0 0 0 0 0 0 0 
-1.36566200 -7.40136700 47.20865000 -0.28476420 -0.67980560 0.67585040 0.74783920 -0.65419850 -0.11296410 0.47837170 0.41302760 0.77496370 0.24837260 0.28036450 0.87142260 0.85811540 0.00056915 -0.99912710 0 0 0 0 0 0 0 0 255 0 0 0 0 0 0 0 
2.32855200 -10.36462000 40.97729000 0.24923560 -0.71156960 0.65692490 0.94715800 0.32053720 -0.01214900 -0.20192400 0.62523960 0.75385810 0.21883590 0.32493570 0.23284510 0.30361310 0.00053770 -0.99907970 0 0 0 0 0 0 0 0 255 0 0 0 0 0 0 0 
1.36578400 -7.40136700 47.20865000 0.16920010 -0.71735480 0.67585030 0.96768510 0.25100200 0.02415499 -0.18696750 0.64992310 0.73664310 0.21867020 0.27515920 0.24159000 0.30239300 0.00053752 -0.99913280 0 0 0 0 0 0 0 0 255 0 0 0 0 0 0 0 
6.09625200 -7.62731900 40.97729000 0.61988440 -0.42917670 0.65692530 0.85921280 0.50153170 -0.10109100 -0.29307460 0.64444510 0.70625630 0.23480070 0.32037060 0.23433500 0.30838810 0.00055470 -0.99908460 0 0 0 0 0 0 0 0 255 0 0 0 0 0 0 0 
3.57556200 -5.79589800 47.20865000 0.55853710 -0.48090000 0.67584870 0.85364680 0.50819190 -0.11414070 -0.24368940 0.58336250 0.77479260 0.22769610 0.27279550 0.24246380 0.30519340 0.00054713 -0.99913530 0 0 0 0 0 0 0 0 255 0 0 0 0 0 0 0 
7.53540000 -3.19812000 40.97729000 0.75375990 0.01714932 0.65692620 -0.01721539 0.99983170 -0.00634800 -0.65692440 -0.00652437 0.75392820 0.26327860 0.33474030 0.38596080 0.39130690 0.00058503 -0.99906920 0 0 0 0 0 0 0 0 255 0 0 0 0 0 0 0 
4.41961700 -3.19812000 47.20865000 0.73453040 -0.06075903 0.67585010 0.05405279 0.99805750 0.03097966 -0.67641950 0.01377607 0.73638770 0.26336890 0.28620550 0.39470560 0.39008670 0.00058512 -0.99912100 0 0 0 0 0 0 0 0 255 0 0 0 0 0 0 0 
6.09619100 1.23095700 40.97729000 0.59972460 0.45692550 0.65692430 -0.21160190 0.97212650 -0.10096840 -0.70343090 -0.07975911 0.70627430 0.27918640 0.33030240 0.38745070 0.39608190 0.00060197 -0.99907400 0 0 0 0 0 0 0 0 255 0 0 0 0 0 0 0 
3.57556200 -0.60034180 47.20865000 0.62996070 0.38259180 0.67584990 -0.21955260 0.96890440 -0.11410940 -0.63010750 -0.05153267 0.77479610 0.27236410 0.28389750 0.39557950 0.39288720 0.00059470 -0.99912350 0 0 0 0 0 0 0 0 255 0 0 0 0 0 0 0 
2.32855200 3.96838400 40.97729000 0.21661420 0.72216890 0.65692500 -0.95432500 0.29846850 -0.01343270 -0.20577210 -0.62401010 0.75383630 0.17502460 0.33028610 0.33599250 0.34386410 0.00049104 -0.99907400 0 0 0 0 0 0 0 0 255 0 0 0 0 0 0 0 
1.36578400 1.00512700 47.20865000 0.28476760 0.67980430 0.67585020 -0.93023000 0.36621800 0.02358923 -0.23147240 -0.63541360 0.73666140 0.17479320 0.28087390 0.34473740 0.34264390 0.00049079 -0.99912670 0 0 0 0 0 0 0 0 255 0 0 0 0 0 0 0 
-2.32855200 3.96838400 40.97729000 -0.24923440 0.71156970 0.65692530 -0.98936590 0.10191530 -0.10377050 -0.14544780 -0.69325050 0.70586740 0.19096070 0.32563710 0.33748250 0.34863920 0.00050801 -0.99907900 0 0 0 0 0 0 0 0 255 0 0 0 0 0 0 0 
-1.36572300 1.00512700 47.20865000 -0.16919550 0.71735470 0.67585150 -0.98878210 0.09287924 -0.11697580 -0.14936500 -0.61485330 0.77436790 0.18380350 0.27845570 0.34561120 0.34544440 0.00050039 -0.99912920 0 0 0 0 0 0 0 0 255 0 0 0 0 0 0 0 
-6.09619100 1.23095700 40.97729000 -0.61988590 0.42917640 0.65692390 -0.57878060 -0.81537230 -0.01345564 0.52986280 -0.38855580 0.75383670 0.31425640 0.32535900 0.38813780 0.58825430 0.00063932 -0.99907920 0 0 0 0 0 0 0 0 255 0 0 0 0 0 0 0 
-3.57550000 -0.60046390 47.20865000 -0.55853250 0.48090080 0.67585200 -0.63579700 -0.77149770 0.02352669 0.53273220 -0.41656430 0.73666180 0.31402400 0.27590170 0.39688260 0.58703420 0.00063907 -0.99913190 0 0 0 0 0 0 0 0 255 0 0 0 0 0 0 0 
-23.67194000 -3.19812000 29.77633000 -0.81539170 0.02152991 0.57850910 0.38996820 -0.91518940 0.10175020 0.57516690 0.32838150 0.74923210 0.19122890 0.44157480 0.90427420 0.85040800 0.00050829 -0.99895550 0 0 0 0 0 0 0 0 255 0 0 0 0 0 0 0 
-25.00549000 -3.19812000 24.74320000 -0.96138920 -0.10412700 0.25473190 0.33546140 -0.93434240 0.12029110 0.19226580 0.19290710 0.96219580 0.18689350 0.47758710 0.90971930 0.84690980 0.00050368 -0.99891710 0 0 0 0 0 0 0 0 255 0 0 0 0 0 0 0 
-20.22986000 -17.89600000 24.74320000 -0.71657720 -0.64932980 0.25473120 0.66226740 -0.74799290 -0.04368648 0.21890400 0.13739540 0.96602460 0.23936040 0.49004320 0.89783730 0.83133940 0.00055955 -0.99890390 0 0 0 0 0 0 0 0 255 0 0 0 0 0 0 0 
-19.15094000 -17.11218000 29.77633000 -0.67232190 -0.46185750 0.57850760 0.57047550 -0.82128210 0.00730802 0.47174270 0.33493770 0.81564430 0.23936180 0.45489560 0.89302590 0.83566810 0.00055956 -0.99894130 0 0 0 0 0 0 0 0 255 0 0 0 0 0 0 0 
-7.72705100 -26.97986000 24.74320000 -0.19805700 -0.94651170 0.25473320 0.78731280 -0.60652040 -0.11077710 0.23510850 0.12924230 0.96333820 0.29182840 0.47759880 0.88429410 0.82174190 0.00061543 -0.99891710 0 0 0 0 0 0 0 0 255 0 0 0 0 0 0 0 
-7.31500200 -25.71155000 29.77633000 -0.27244780 -0.76883080 0.57850780 0.76959350 -0.62895750 -0.11017400 0.36624660 0.29346020 0.88303140 0.28749600 0.44158450 0.88020500 0.82658260 0.00061082 -0.99895550 0 0 0 0 0 0 0 0 255 0 0 0 0 0 0 0 
7.72717300 -26.97986000 24.74320000 0.39611420 -0.88215800 0.25473690 0.91626160 0.39778430 -0.04724717 -0.05965088 0.25212090 0.96585550 0.21938640 0.48484800 0.20522120 0.31045510 0.00053828 -0.99890950 0 0 0 0 0 0 0 0 255 0 0 0 0 0 0 0 
7.31506300 -25.71143000 29.77633000 0.23149280 -0.78213710 0.57850900 0.95816150 0.28620620 0.00353486 -0.16833760 0.55348680 0.81566830 0.21926410 0.44944450 0.21167220 0.30993280 0.00053815 -0.99894710 0 0 0 0 0 0 0 0 255 0 0 0 0 0 0 0 
20.22998000 -17.89600000 24.74320000 0.83898210 -0.48085080 0.25473810 0.82019990 0.56097630 -0.11214990 -0.04910102 0.26434780 0.96317670 0.27179940 0.47216860 0.21016530 0.32630070 0.00059410 -0.99892280 0 0 0 0 0 0 0 0 255 0 0 0 0 0 0 0 
19.15100000 -17.11218000 29.77633000 0.64700910 -0.49669440 0.57851020 0.83614740 0.53715430 -0.11100770 -0.16513380 0.43951570 0.88292520 0.26738290 0.43593360 0.21635260 0.32493320 0.00058940 -0.99896140 0 0 0 0 0 0 0 0 255 0 0 0 0 0 0 0 
25.00555000 -3.19812000 24.74320000 0.96138850 0.10412540 0.25473530 -0.09651907 0.99443560 -0.04221515 -0.25771340 0.01599835 0.96608900 0.26298450 0.49151870 0.35833700 0.39814910 0.00058471 -0.99890230 0 0 0 0 0 0 0 0 255 0 0 0 0 0 0 0 
23.67200000 -3.19812000 29.77633000 0.81539200 -0.02152989 0.57850870 0.01977614 0.99976090 0.00933335 -0.57857140 0.00383033 0.81562270 0.26305020 0.45659680 0.36478780 0.39762680 0.00058478 -0.99893950 0 0 0 0 0 0 0 0 255 0 0 0 0 0 0 0 
20.22992000 11.49976000 24.74320000 0.71657620 0.64932790 0.25473890 -0.28032320 0.95344190 -0.11120870 -0.26631100 0.03405825 0.96328530 0.31548600 0.47909780 0.36328110 0.41399460 0.00064063 -0.99891560 0 0 0 0 0 0 0 0 255 0 0 0 0 0 0 0 
19.15100000 10.71582000 29.77633000 0.67232080 0.46185640 0.57850960 -0.25253250 0.96121090 -0.11090960 -0.46900490 -0.02134051 0.88293770 0.31118040 0.44329400 0.36946840 0.41262720 0.00063604 -0.99895360 0 0 0 0 0 0 0 0 255 0 0 0 0 0 0 0 
7.72717300 20.58350000 24.74320000 0.19805650 0.94651120 0.25473550 -0.97485510 0.21728940 -0.04942536 -0.10213300 -0.23854120 0.96574680 0.17575790 0.48927770 0.30836870 0.35070620 0.00049182 -0.99890470 0 0 0 0 0 0 0 0 255 0 0 0 0 0 0 0 
7.31506300 19.31519000 29.77633000 0.27244700 0.76882990 0.57850940 -0.94308210 0.33255280 0.00218395 -0.19070580 -0.54617690 0.81567280 0.17559580 0.45401530 0.31481960 0.35018390 0.00049164 -0.99894230 0 0 0 0 0 0 0 0 255 0 0 0 0 0 0 0 
-7.72711200 20.58350000 24.74320000 -0.39611390 0.88215880 0.25473450 -0.99290550 0.02905549 -0.11530170 -0.11890630 -0.24262490 0.96280550 0.22816190 0.47629060 0.31331280 0.36655170 0.00054763 -0.99891850 0 0 0 0 0 0 0 0 255 0 0 0 0 0 0 0 
-7.31506300 19.31519000 29.77633000 -0.23149350 0.78213760 0.57850810 -0.99175470 0.05846239 -0.11403870 -0.12815100 -0.45243950 0.88253940 0.22368150 0.44021420 0.31950010 0.36518440 0.00054286 -0.99895690 0 0 0 0 0 0 0 0 255 0 0 0 0 0 0 0 
-20.22992000 11.49976000 24.74320000 -0.83898170 0.48085150 0.25473800 -0.50789050 -0.86000590 -0.04936734 0.19533780 -0.17079730 0.96574910 0.31499280 0.48446430 0.36051390 0.59509630 0.00064010 -0.99890980 0 0 0 0 0 0 0 0 255 0 0 0 0 0 0 0 
-19.15100000 10.71582000 29.77633000 -0.64700910 0.49669520 0.57850940 -0.60771300 -0.79415370 0.00217198 0.46050430 -0.35016240 0.81567280 0.31482970 0.44918530 0.36696480 0.59457400 0.00063993 -0.99894740 0 0 0 0 0 0 0 0 255 0 0 0 0 0 0 0 
0.00012207 -3.19812000 49.14870000 0.00000425 0.00000007 1.00000000 0.58767440 -0.80909750 -0.00006236 0.74087700 0.53809270 0.40194210 0.23935930 0.26250650 0.87128250 0.86392250 0.00055955 -0.99914620 0 0 0 0 0 0 0 0 255 0 0 0 0 0 0 0 
0.40887450 -5.79223600 59.26108000 -0.95297070 0.22353890 0.20463920 0.22346960 0.97442140 -0.02375419 -0.20471480 0.02309361 -0.97854920 0.76618670 1.46436100 0.33961330 0.36603280 0.00056522 -0.99894990 0 0 0 0 0 0 0 0 255 0 0 0 0 0 0 0 
1.33721900 -1.88781700 59.31915000 -0.95297250 0.22353310 0.20463740 0.22353210 0.97441500 -0.02342681 -0.20463840 0.02341793 -0.97855750 0.78025200 1.46532900 0.34456070 0.36591240 0.00058050 -0.99894880 0 0 0 0 0 0 0 0 255 0 0 0 0 0 0 0 
-1.88079800 -4.73474100 47.44339000 0.22055460 -0.96677400 -0.12924290 -0.96739100 -0.23373950 0.09757375 -0.12454090 0.10350800 -0.98680070 0.80499940 1.38954900 0.77540370 0.04393315 0.00060738 -0.99903120 0 0 0 0 0 0 0 0 255 0 0 0 0 0 0 0 
4.25811800 -4.85351600 58.80777000 0.22055460 -0.96677400 -0.12924290 -0.96739100 -0.23373950 0.09757375 -0.12454090 0.10350800 -0.98680070 0.79462440 1.46428100 0.79110430 0.04856879 0.00059611 -0.99895000 0 0 0 0 0 0 0 0 255 0 0 0 0 0 0 0 
0.40887450 -5.79223600 59.26108000 0.22055540 -0.96677370 -0.12924330 -0.96737550 -0.23375300 0.09769423 -0.12465920 0.10347980 -0.98678870 0.80886050 1.46468400 0.79071310 0.04352981 0.00061158 -0.99894950 0 0 0 0 0 0 0 0 255 0 0 0 0 0 0 0 
1.18615700 -3.98681600 47.08220000 0.69514750 0.70704100 -0.12985810 0.70296790 -0.70637170 -0.08291568 -0.15035290 -0.03364745 -0.98805960 0.79364930 1.38922400 0.51067690 0.00794751 0.00059505 -0.99903150 0 0 0 0 0 0 0 0 255 0 0 0 0 0 0 0 
-1.14111300 -1.62377900 47.48964000 0.69514890 0.70703950 -0.12985790 0.70290020 -0.70638790 -0.08335138 -0.15066270 -0.03333549 -0.98802300 0.78198840 1.39004000 0.51112680 0.00373656 0.00058239 -0.99903060 0 0 0 0 0 0 0 0 255 0 0 0 0 0 0 0 
1.33721900 -1.88781700 59.31915000 0.69514750 0.70704100 -0.12985810 0.70296790 -0.70637170 -0.08291568 -0.15035290 -0.03364745 -0.98805960 0.78025200 1.46532900 0.49584030 0.00270253 0.00058050 -0.99894880 0 0 0 0 0 0 0 0 255 0 0 0 0 0 0 0 
4.25811800 -4.85351600 58.80777000 0.69514600 0.70704240 -0.12985830 0.70303570 -0.70635540 -0.08247992 -0.15004290 -0.03395944 -0.98809610 0.79462440 1.46428100 0.49527560 0.00798762 0.00059611 -0.99895000 0 0 0 0 0 0 0 0 255 0 0 0 0 0 0 0 
-4.40356400 -3.56543000 59.49381000 -0.53349920 0.83240280 -0.14994750 0.83816280 0.54407840 0.03823474 0.11340990 -0.10528220 -0.98795440 0.76588200 1.46362900 0.90097140 0.31044790 0.00056489 -0.99895070 0 0 0 0 0 0 0 0 255 0 0 0 0 0 0 0 
-1.08331300 -1.37207000 59.85629000 -0.53349860 0.83240320 -0.14994720 0.83816870 0.54407260 0.03818645 0.11336870 -0.10530860 -0.98795630 0.78007140 1.46496000 0.90046330 0.30540940 0.00058030 -0.99894930 0 0 0 0 0 0 0 0 255 0 0 0 0 0 0 0 
-1.43298300 -3.78137200 47.72552000 -0.49691330 -0.86084760 -0.10962900 -0.86118750 0.50474180 -0.05993143 0.10692620 0.06463036 -0.99216410 0.80519560 1.38898900 0.66585230 0.11462530 0.00060760 -0.99903180 0 0 0 0 0 0 0 0 255 0 0 0 0 0 0 0 
-0.99255370 -5.58947800 59.92672000 -0.49691330 -0.86084760 -0.10962900 -0.86118750 0.50474180 -0.05993143 0.10692620 0.06463036 -0.99216410 0.79458120 1.46534400 0.65072590 0.11064200 0.00059607 -0.99894880 0 0 0 0 0 0 0 0 255 0 0 0 0 0 0 0 
-4.40356400 -3.56543000 59.49381000 -0.49691170 -0.86084850 -0.10962920 -0.86118310 0.50474340 -0.05998108 0.10696920 0.06460549 -0.99216120 0.80881090 1.46411900 0.65050450 0.11569380 0.00061152 -0.99895020 0 0 0 0 0 0 0 0 255 0 0 0 0 0 0 0 
1.28479000 -5.39416500 48.07046000 0.98168460 0.02427946 0.18895980 0.02425213 -0.99970290 0.00245718 0.18896330 0.00217050 -0.98198180 0.79394240 1.38996700 0.38982900 0.41338750 0.00059537 -0.99903070 0 0 0 0 0 0 0 0 255 0 0 0 0 0 0 0 
1.21246300 -2.03381300 48.01434000 0.98168450 0.02427712 0.18896060 0.02423011 -0.99970320 0.00255920 0.18896660 0.00206621 -0.98198130 0.78253140 1.38966500 0.39408770 0.41345860 0.00058298 -0.99903110 0 0 0 0 0 0 0 0 255 0 0 0 0 0 0 0 
-1.08331300 -1.37207000 59.85629000 0.98168460 0.02427946 0.18895980 0.02425213 -0.99970290 0.00245718 0.18896330 0.00217050 -0.98198180 0.78007140 1.46496000 0.39492650 0.39845060 0.00058030 -0.99894930 0 0 0 0 0 0 0 0 255 0 0 0 0 0 0 0 
-0.99255370 -5.58947800 59.92672000 0.98168470 0.02428180 0.18895900 0.02427414 -0.99970260 0.00235515 0.18896000 0.00227480 -0.98198220 0.79458120 1.46534400 0.38958150 0.39836140 0.00059607 -0.99894880 0 0 0 0 0 0 0 0 255 0 0 0 0 0 0 0 
-15.34332000 -15.09790000 -2.00426900 -0.73531030 -0.66630440 -0.12392420 0.80901650 -0.58778590 0.00000069 -0.06972694 -0.09596957 0.99293910 0.18116150 1.18008000 0.38056280 0.51659300 0.00046078 -0.99891780 0 0 0 0 0 0 0 0 255 0 0 0 0 0 0 0 
-17.97577000 -17.01038000 23.89884000 -0.86091590 -0.49342330 -0.12392430 0.80901670 -0.58778570 0.00000064 -0.06972696 -0.09596975 0.99293910 0.17438260 1.00419700 0.37928850 0.54965510 0.00045342 -0.99910900 0 0 0 0 0 0 0 0 255 0 0 0 0 0 0 0 
-5.86053500 -21.98755000 -2.00426900 -0.20323490 -0.97125610 -0.12392430 1.00000000 0.00000033 0.00000000 0.00000004 -0.11862560 0.99293910 0.17940460 1.18031500 0.53707210 0.46955860 0.00045887 -0.99891760 0 0 0 0 0 0 0 0 255 0 0 0 0 0 0 0 
-6.86602800 -25.08215000 23.89884000 -0.40646990 -0.90522090 -0.12392420 1.00000000 0.00000031 0.00000000 0.00000004 -0.11862560 0.99293910 0.17262560 1.00443300 0.50408540 0.47212820 0.00045151 -0.99910870 0 0 0 0 0 0 0 0 255 0 0 0 0 0 0 0 
5.86084000 -21.98755000 -2.00426900 0.40646950 -0.90522120 -0.12392430 0.80985800 0.58648300 0.01295299 0.05916671 -0.10362970 0.99285450 0.15870180 1.18034700 0.53648980 0.45471480 0.00043638 -0.99891760 0 0 0 0 0 0 0 0 255 0 0 0 0 0 0 0 
6.86633300 -25.08215000 23.89884000 0.20323480 -0.97125610 -0.12392420 0.80985830 0.58648280 0.01295284 0.05916670 -0.10362950 0.99285460 0.15421790 1.00439000 0.50340310 0.45473750 0.00043151 -0.99910880 0 0 0 0 0 0 0 0 255 0 0 0 0 0 0 0 
15.34369000 -15.09778000 -2.00426900 0.86091660 -0.49342220 -0.12392400 0.30927990 0.95096820 0.00232295 0.11209590 -0.03888199 0.99293640 0.00711138 1.18047500 0.44075490 0.37497740 0.68530020 0.42574570 0 0 0 0 0 0 0 0 255 0 0 0 0 0 0 0 
17.97614000 -17.01038000 23.89884000 0.73531060 -0.66630400 -0.12392440 0.30927010 0.95097160 0.00224883 0.11211970 -0.03881106 0.99293650 0.00074548 1.00457700 0.40776820 0.37754700 0.67880140 0.24617710 0 0 0 0 0 0 0 0 255 0 0 0 0 0 0 0 
18.96582000 -3.95007300 -2.00426900 0.98652260 0.10684680 -0.12392350 -0.30722020 0.95151250 0.01548686 0.11762520 0.02181915 0.99281840 0.08864775 1.18066600 0.44017250 0.36013360 0.53742610 0.20426140 0 0 0 0 0 0 0 0 255 0 0 0 0 0 0 0 
22.21960000 -3.95007300 23.89884000 0.98652260 -0.10684700 -0.12392350 -0.30711560 0.95153160 0.01635764 0.11789400 0.02098422 0.99280450 0.09550788 1.00478700 0.40708580 0.36015640 0.54442940 0.02471197 0 0 0 0 0 0 0 0 255 0 0 0 0 0 0 0 
15.34363000 7.19763200 -2.00426900 0.73530980 0.66630490 -0.12392460 -0.80984900 0.58649870 -0.01280262 0.05928954 0.10354110 0.99285650 0.16445330 1.18029700 0.54326870 0.50708130 0.00044263 -0.99891760 0 0 0 0 0 0 0 0 255 0 0 0 0 0 0 0 
17.97607000 9.11022900 23.89884000 0.86091630 0.49342270 -0.12392400 -0.80984880 0.58649900 -0.01280265 0.05928946 0.10354100 0.99285650 0.15540720 1.00451600 0.51028200 0.50965080 0.00043280 -0.99910860 0 0 0 0 0 0 0 0 255 0 0 0 0 0 0 0 
5.86084000 14.08728000 -2.00426900 0.20323440 0.97125610 -0.12392450 -0.99948470 -0.00380812 -0.03187327 -0.03209996 0.11856450 0.99242730 0.18298790 1.18133100 0.54268630 0.49223740 0.00046276 -0.99891650 0 0 0 0 0 0 0 0 255 0 0 0 0 0 0 0 
6.86633300 17.18188000 23.89884000 0.40646920 0.90522120 -0.12392460 -0.99948460 -0.00380853 -0.03187611 -0.03210282 0.11856450 0.99242730 0.17056980 1.00575600 0.50959970 0.49226030 0.00044927 -0.99910720 0 0 0 0 0 0 0 0 255 0 0 0 0 0 0 0 
-5.86059600 14.08728000 -2.00426900 -0.40647050 0.90522070 -0.12392430 -0.91305410 -0.40740020 0.01890314 -0.03337527 0.12083320 0.99211160 0.26194960 1.17879400 0.53533020 0.30858950 0.00054854 -0.99891920 0 0 0 0 0 0 0 0 255 0 0 0 0 0 0 0 
-6.86608900 17.18188000 23.89884000 -0.20323520 0.97125600 -0.12392420 -0.97859100 -0.20568850 -0.00719837 -0.03248126 0.11980820 0.99226560 0.26294720 1.00278400 0.56839240 0.30731520 0.00054962 -0.99911050 0 0 0 0 0 0 0 0 255 0 0 0 0 0 0 0 
-15.34338000 7.19763200 -2.00426900 -0.86091640 0.49342250 -0.12392430 -0.30987730 -0.95074580 0.00764275 -0.11043780 0.04397675 0.99290970 0.10110300 1.18080700 0.40743630 0.51555720 0.88759730 0.20440610 0 0 0 0 0 0 0 0 255 0 0 0 0 0 0 0 
-18.96545000 -3.95007300 -2.00426900 -0.98652240 -0.10684750 -0.12392430 -0.30988800 -0.95074170 0.00773550 -0.11040860 0.04406554 0.99290900 0.18025050 1.18142300 0.39541810 0.51659300 0.96839650 0.20503460 0 0 0 0 0 0 0 0 255 0 0 0 0 0 0 0 
-22.21936000 -3.95007300 23.89884000 -0.98652240 0.10684720 -0.12392430 -0.30987730 -0.95074580 0.00764275 -0.11043780 0.04397675 0.99290970 0.18801890 1.00558200 0.39669240 0.54965510 0.97632690 0.02552390 0 0 0 0 0 0 0 0 255 0 0 0 0 0 0 0 
-17.97583000 9.11010700 23.89884000 -0.73531090 0.66630380 -0.12392430 -0.30986650 -0.95075010 0.00755002 -0.11046690 0.04388795 0.99291030 0.09567947 1.00487800 0.41077250 0.54844160 0.88206050 0.02480519 0 0 0 0 0 0 0 0 255 0 0 0 0 0 0 0 
-6.35241700 26.97998000 13.61582000 -0.49738950 0.84115020 0.21229700 -0.82730950 -0.38626260 -0.40787280 -0.26107990 -0.37850690 0.88801460 0.41860080 0.48735150 0.81679920 0.38694480 0.00058520 -0.99897460 0 0 0 0 0 0 0 0 255 0 0 0 0 0 0 0 
-5.95886200 26.46436000 16.58085000 -0.22871250 0.70447780 0.67186430 -0.97317170 -0.14769460 -0.17641790 -0.02505176 -0.69418830 0.71935740 0.41489790 0.47233660 0.81653980 0.39078270 0.00058263 -0.99899080 0 0 0 0 0 0 0 0 255 0 0 0 0 0 0 0 
